%Anthony Frazier

A=[7 3 3 6 6; 9 -6 -7 -8 2; 8 -5 1 6 5; 1 6 -14 -28 -5]

A =

     7     3     3     6     6
     9    -6    -7    -8     2
     8    -5     1     6     5
     1     6   -14   -28    -5

rref(A)

ans =

    1.0000         0         0    0.2537    0.6279
         0    1.0000         0   -0.4271    0.0930
         0         0    1.0000    1.8351    0.4419
         0         0         0         0         0

size(A,2)

ans =

     5

rank(A)

ans =

     3


null(A,'r')

ans =

   -0.2537   -0.6279
    0.4271   -0.0930
   -1.8351   -0.4419
    1.0000         0
         0    1.0000


A'

ans =

     7     9     8     1
     3    -6    -5     6
     3    -7     1   -14
     6    -8     6   -28
     6     2     5    -5

rref(A')

ans =

     1     0     0     1
     0     1     0     2
     0     0     1    -3
     0     0     0     0
     0     0     0     0

diary off
